0.16857252252969743 0.16857252252969743 0.12191381896972656 0.098140576171875 0.0496875 0.0 0.0 0.0 0.0 0.0 0.0 0.0 0.0 0.0 0.0 0.0 0.0 0.0 0.0 0.0 0.00189820016503356 0.00189820016503356 0.0036806919144230167 0.004588895655852244 0.006439937410535751 0.0045417372455021912 0.0045417372455021912 0.0027592454961127347 0.0018510417546835074 0.0 0.0 0.0 0.0 0.0 0.0 0.0 0.0 0.0 0.0 0.0 0.0 0.0 0.0 0.0 0.0 0.0 0.0 0.0 0.0 0.0 
0.16857252252969743 0.1914653659980762 0.14480666243810533 0.12103341964025377 0.07258034346837879 0.022892843468378783 0.0 0.0 0.0 0.0 0.0 0.0 0.0 0.0 0.0 0.0 0.0 0.0 0.0 0.0 0.00189820016503356 0.0027727702128275537 0.0045552619622170106 0.0054634657036462374 0.0073145074583297444 0.0054163072932961846 0.0045417372455021912 0.0027592454961127347 0.0018510417546835074 0.0 0.0 0.0 0.0 0.0 0.0 0.0 0.0 0.0 0.0 0.0 0.0 0.0 0.0 0.0 0.0 0.0 0.0 0.0 0.0 0.0 
0.12191381896972656 0.14480666243810533 0.14480666243810533 0.12103341964025377 0.07258034346837879 0.022892843468378783 0.0 0.0 0.0 0.0 0.0 0.0 0.0 0.0 0.0 0.0 0.0 0.0 0.0 0.0 0.00189820016503356 0.0027727702128275537 0.0027727702128275537 0.0036809739542567809 0.0055320157089402879 0.0036338155439067281 0.0027592454961127347 0.0027592454961127347 0.0018510417546835074 0.0 0.0 0.0 0.0 0.0 0.0 0.0 0.0 0.0 0.0 0.0 0.0 0.0 0.0 0.0 0.0 0.0 0.0 0.0 0.0 0.0 
0.098140576171875 0.12103341964025377 0.12103341964025377 0.12103341964025377 0.07258034346837879 0.022892843468378783 0.0 0.0 0.0 0.0 0.0 0.0 0.0 0.0 0.0 0.0 0.0 0.0 0.0 0.0 0.00189820016503356 0.0027727702128275537 0.0027727702128275537 0.0027727702128275537 0.0046238119675110611 0.0027256118024775013 0.0018510417546835074 0.0018510417546835074 0.0018510417546835074 0.0 0.0 0.0 0.0 0.0 0.0 0.0 0.0 0.0 0.0 0.0 0.0 0.0 0.0 0.0 0.0 0.0 0.0 0.0 0.0 0.0 
0.0496875 0.07258034346837879 0.07258034346837879 0.07258034346837879 0.07258034346837879 0.022892843468378783 0.0 0.0 0.0 -0.0028671171992440143 -0.0028671171992440143 -0.0028671171992440143 -0.0028671171992440143 -0.0028671171992440143 0.0 0.0 0.0 0.0 0.0 0.0 0.00189820016503356 0.0027727702128275537 0.0027727702128275537 0.0027727702128275537 0.0027727702128275537 0.00087457004779399367 0.0 0.0 0.0 0.0 0.0 0.0 0.0 0.0 0.0 0.0 0.0 0.0 0.0 0.0 0.0 0.0 0.0 0.0 0.0 0.0 0.0 0.0 0.0 0.0 
0.0 0.022892843468378783 0.022892843468378783 0.022892843468378783 0.022892843468378783 0.022892843468378783 0.0 0.0 0.0 -0.0028671171992440143 -0.0087106888663460585 -0.0087106888663460585 -0.0087106888663460585 -0.0087106888663460585 -0.0058435716671020443 0.0 0.0 0.0 0.0 0.0 0.0 0.00087457004779399367 0.00087457004779399367 0.00087457004779399367 0.00087457004779399367 0.00087457004779399367 0.0 0.0 0.0 0.0 0.0 0.0 0.0 0.0 0.0 0.0 0.0 0.0 0.0 0.0 -0.0026721117673160896 -0.0026721117673160896 -0.0026721117673160896 -0.0026721117673160896 -0.0026721117673160896 0.0 0.0 0.0 0.0 0.0 
0.0 0.0 0.0 0.0 0.0 0.0 -0.0026923465956472017 -0.0026923465956472017 -0.0026923465956472017 -0.0055594637948912159 -0.01140303546199326 -0.0087106888663460585 -0.0087106888663460585 -0.0087106888663460585 -0.0058435716671020443 0.0 0.0 0.0 0.0 0.0 0.0 0.0 0.0 0.0 0.0 0.0 0.0 0.0 0.0 0.0 0.0 0.0 0.0 0.0 0.0 0.0 -0.0012311393493168346 -0.0012311393493168346 -0.0012311393493168346 -0.0012311393493168346 -0.0039032511166329242 -0.0026721117673160896 -0.0026721117673160896 -0.0026721117673160896 -0.0026721117673160896 0.0 -0.0090638049371218766 -0.0090638049371218766 -0.0090638049371218766 -0.0090638049371218766 
0.0 0.0 0.0 0.0 0.0 0.0 -0.0026923465956472017 -0.0081797121935693953 -0.0081797121935693953 -0.01104682939281341 -0.016890401059915454 -0.014198054464268252 -0.0087106888663460585 -0.0087106888663460585 -0.0058435716671020443 0.0 0.0 0.0 0.0 0.0 0.0 0.0 0.0 0.0 0.0 0.0 0.0 0.0 0.0 0.0 0.0 0.0 0.0 0.0 0.0 0.0 -0.0012311393493168346 -0.0037403674414991993 -0.0037403674414991993 -0.0037403674414991993 -0.0064124792088152884 -0.0051813398594984543 -0.0026721117673160896 -0.0026721117673160896 -0.0026721117673160896 0.0 -0.0090638049371218766 -0.027537062235662213 -0.027537062235662213 -0.027537062235662213 
0.0 0.0 0.0 0.0 0.0 0.0 -0.0026923465956472017 -0.0081797121935693953 -0.01097559944989469 -0.013842716649138706 -0.019686288316240745 -0.016993941720593545 -0.011506576122671353 -0.0087106888663460585 -0.0058435716671020443 0.0 0.0 0.0 0.0 0.0 0.0 0.0 0.0 0.0 0.0 0.0 0.0 0.0 0.0 0.0 0.0 0.0 0.0 0.0 0.0 0.0 -0.0012311393493168346 -0.0037403674414991993 -0.0050188532141261502 -0.0050188532141261502 -0.0076909649814422398 -0.0064598256321254056 -0.0039505975399430409 -0.0026721117673160896 -0.0026721117673160896 0.0 -0.0090638049371218766 -0.027537062235662213 -0.036949437580830448 -0.036949437580830448 
0.0 0.0 0.0 0.0 0.0 0.0 -0.0026923465956472017 -0.0081797121935693953 -0.01097559944989469 -0.013806877684148153 -0.019650449351250196 -0.016958102755602996 -0.011470737157680804 -0.0086748499013555077 -0.0058435716671020443 0.0 0.0 0.0 0.0 0.0 0.0 0.0 0.0 0.0 0.0 0.0 0.0 0.0 0.0 0.0 0.0 0.0 0.0 0.0 0.0 0.0 -0.0012311393493168346 -0.0037403674414991993 -0.0050188532141261502 -0.0076245797047229807 -0.010296691472039071 -0.0090655521227222362 -0.0065563240305398715 -0.0052778382579129202 -0.02185580258457934 -0.01918369081726325 -0.028247495754385128 -0.046720753052925466 -0.056133128398093701 -0.036949437580830448 
0.0 0.0 0.0 0.0 0.0 0.0 -0.0026923465956472017 -0.0081797121935693953 -0.01097559944989469 -0.013806877684148153 -0.0098346542373381647 -0.007142307641690963 -0.0016549420437687703 0.0011409452125565253 0.0039722234468099887 0.0 0.0 0.0 0.0 0.0 0.0 0.0 0.0 0.0 0.0 0.0 0.0 0.0 0.0 0.0 0.0 0.0 0.0 0.0 0.0 0.0 -0.0012311393493168346 -0.0037403674414991993 -0.0050188532141261502 -0.0076245797047229807 -0.0076245797047229807 -0.0063934403554061466 -0.0038842122632237819 -0.0026057264905968306 -0.01918369081726325 -0.038856118510018384 -0.047919923447140259 -0.066393180745680597 -0.075805556090848839 -0.056621865273585592 
0.0 0.0 0.0 0.0 0.0 0.0 0.0 -0.0054873655979221937 -0.0082832528542474883 -0.011114531088500952 -0.007142307641690963 -0.0053121594235426336 0.00017520617437955899 0.0029710934307048548 0.0058023716649583182 0.0018301482181483292 0.0 0.0 0.0 0.0 0.0 0.0 0.0 0.0 0.0 0.0 0.0 0.0 0.0 0.0 0.0 0.0055220972439764277 0.0055220972439764277 0.0055220972439764277 0.0055220972439764277 0.0055220972439764277 0.0 -0.0025092280921823647 -0.0037877138648093156 -0.0063934403554061466 -0.0063934403554061466 -0.0063934403554061466 -0.0038842122632237819 -0.0026057264905968306 -0.01918369081726325 -0.038856118510018384 -0.038856118510018384 -0.057329375808558722 -0.066741751153726964 -0.047558060336463717 
0.0 0.0 0.0 0.0 0.0 0.0 0.0 0.0 -0.0027958872563252956 -0.005627165490578759 -0.0016549420437687703 0.00017520617437955899 0.0039052951560886997 0.0067011824124139953 0.009532460646667457 0.00556023719985747 0.0037300889817091405 0.0 0.0 0.0 0.0 0.0 0.0 0.0 0.0 0.0 0.0 0.0 0.0 0.0 0.0 0.0055220972439764277 0.016776876436955142 0.016776876436955142 0.016776876436955142 0.016776876436955142 0.011254779192978716 0.0 -0.0012784857726269511 -0.0038842122632237819 -0.0038842122632237819 -0.0038842122632237819 -0.0038842122632237819 -0.0026057264905968306 -0.01918369081726325 -0.038856118510018384 -0.038856118510018384 -0.038856118510018384 -0.048268493855186619 -0.029084803037923372 
0.0 0.0 0.0 0.0 0.0 0.0 0.0 0.0 0.0 -0.0028312782342534634 0.0011409452125565253 0.0029710934307048548 0.0067011824124139953 0.0098016272158287301 0.012632905450082194 0.0086606820032722048 0.0068305337851238754 0.0031004448034147353 0.0 0.0 0.0 0.0 0.0 0.0 0.0 0.0 0.0 0.0 0.0 0.0 0.0 0.0055220972439764277 0.016776876436955142 0.022511339205449989 0.022511339205449989 0.022511339205449989 0.016989241961473563 0.0057344627684948468 0.0 -0.0026057264905968306 -0.0026057264905968306 -0.0026057264905968306 -0.0026057264905968306 -0.0026057264905968306 -0.01918369081726325 -0.038856118510018384 -0.038856118510018384 -0.038856118510018384 -0.038856118510018384 -0.019672427692755137 
0.0 0.0 0.0 0.0 0.0 0.0 0.0 0.0 0.0 0.0019489501990205299 0.0059211736458305185 0.0077513218639788479 0.011481410845687989 0.014581855649102724 0.017003080054688556 0.013030856607878567 0.011200708389730238 0.0074706194080210973 0.0043701746046063625 0.0 0.0 0.0 0.0 0.0 0.0 0.0 0.0 0.0 0.0 0.0 0.0 0.0055220972439764277 0.016776876436955142 0.022511339205449989 0.034198947988538349 0.034198947988538349 0.028676850744561923 0.017422071551583207 0.01168760878308836 0.0 0.0 0.0 0.0 0.0 0.0 -0.019672427692755137 -0.019672427692755137 -0.019672427692755137 -0.019672427692755137 -0.019672427692755137 
-0.0048953466390666694 -0.0048953466390666694 -0.0048953466390666694 -0.0048953466390666694 -0.0048953466390666694 0.0 0.0 0.0 0.0 0.0019489501990205299 0.0032107825099343366 0.0050409307280826661 0.0087710197097918049 0.011871464513206541 0.014292688918792373 0.014276916014905952 0.012446767796757623 0.0087166788150484821 0.0056162340116337464 0.0012460594070273839 0.0 0.0 0.0 0.0 0.0 0.0 0.0 0.0 0.0 0.0 0.0060303750073728716 0.0115524722513493 0.022807251444328012 0.028541714212822859 0.040229322995911219 0.040153943308319062 0.034631846064342636 0.02337706687136392 0.017642604102869074 0.0059549953197807108 -0.0047943533260064513 -0.0047943533260064513 -0.0047943533260064513 -0.0047943533260064513 -0.0047943533260064513 0.0 0.0 0.0 0.0 0.0 
-0.0048953466390666694 -0.0093780828123309658 -0.0093780828123309658 -0.0093780828123309658 -0.0093780828123309658 -0.0044827361732642963 0.0 0.0 0.0 0.0019489501990205299 0.0032107825099343366 0.0043662596930180344 0.0080963486747271732 0.01119679347814191 0.013618017883727742 0.01360224497984132 0.012446767796757623 0.0087166788150484821 0.0056162340116337464 0.0012460594070273839 0.0 0.0 0.0 0.0 0.0 0.0 0.0 0.0 0.0 0.0 0.0060303750073728716 0.0060303750073728716 0.017285154200351587 0.023019616968846433 0.034707225751934793 0.034631846064342636 0.034631846064342636 0.02337706687136392 0.017642604102869074 0.0059549953197807108 -0.0047943533260064513 -0.0091846085349811257 -0.0091846085349811257 -0.0091846085349811257 -0.0091846085349811257 -0.0043902552089746753 0.0 0.0 0.0 0.0 
-0.0048953466390666694 -0.0093780828123309658 -0.018514503918551421 -0.018514503918551421 -0.018514503918551421 -0.013619157279484751 -0.0091364211062204548 0.0 0.0 0.0019489501990205299 0.0032107825099343366 0.0043662596930180344 0.0067212780825108452 0.0098217228859255792 0.012242947291511413 0.012227174387624992 0.011071697204541294 0.0087166788150484821 0.0056162340116337464 0.0012460594070273839 0.0 0.0 0.0 0.0 0.0 0.0 0.0 0.0 0.0 0.0 0.0060303750073728716 0.0060303750073728716 0.0060303750073728716 0.011764837775867718 0.023452446558956078 0.02337706687136392 0.02337706687136392 0.02337706687136392 0.017642604102869074 0.0059549953197807108 -0.0047943533260064513 -0.0091846085349811257 -0.018132540958976935 -0.018132540958976935 -0.018132540958976935 -0.013338187632970488 -0.0089479324239958129 0.0 0.0 0.0 
-0.0048953466390666694 -0.0093780828123309658 -0.018514503918551421 -0.023169634487758561 -0.023169634487758561 -0.018274287848691891 -0.013791551675427595 -0.0046551305692071419 0.0 0.0019489501990205299 0.0032107825099343366 0.0043662596930180344 0.0067212780825108452 0.0067212780825108452 0.0091425024880966762 0.0091267295842102549 0.0079712524011265572 0.0056162340116337464 0.0056162340116337464 0.0012460594070273839 0.0 0.0 0.0 0.0 0.0 0.0 0.0 0.0 0.0 0.0 0.0060303750073728716 0.0060303750073728716 0.0060303750073728716 0.0060303750073728716 0.017717983790461231 0.017642604102869074 0.017642604102869074 0.017642604102869074 0.013083511075755533 0.0013959022926671692 -0.009353446353119993 -0.013743701562094668 -0.022691633986090483 -0.018132540958976935 -0.018132540958976935 -0.013338187632970488 -0.0089479324239958129 0.0 0.0 0.0 
-0.0048953466390666694 -0.0093780828123309658 -0.018514503918551421 -0.023169634487758561 -0.032657418631375751 -0.027762071992309074 -0.023279335819044778 -0.014142914712824325 -0.0094877841436171832 0.0 0.0012618323109138065 0.0024173094939975038 0.0047723278834903154 0.0047723278834903154 0.0047723278834903154 0.0047565549796038924 0.0036010777965201947 0.0012460594070273839 0.0012460594070273839 0.0012460594070273839 0.0 0.0 0.0 0.0 0.0 0.0 0.0 0.0 0.0 0.0 0.0060303750073728716 0.0060303750073728716 0.0060303750073728716 0.0060303750073728716 0.0060303750073728716 0.0059549953197807108 0.0059549953197807108 0.0059549953197807108 0.0013959022926671692 -0.0078961443833277436 -0.018645493029114904 -0.023035748238089578 -0.031983680662085394 -0.027424587634971853 -0.018132540958976935 -0.013338187632970488 -0.0089479324239958129 0.0 0.0 0.0 
0.0 -0.0044827361732642963 -0.013619157279484751 -0.018274287848691891 -0.027762071992309074 -0.032596226798387418 -0.028113490625123118 -0.018977069518902663 -0.014321938949695519 -0.0048341548060783363 0.0 0.0011554771830836975 0.0035104955725765085 0.0035104955725765085 0.0035104955725765085 0.0035104955725765085 0.0023550183894928108 0.0 0.0 0.0 0.0 0.0 0.0 0.0 0.0 0.0 0.0 0.0 0.0 0.0 0.0 0.0 0.0 0.0 0.0 0.0 0.0 0.0 -0.0045590930271135416 -0.013851139703108455 -0.018585563612539824 -0.022975818821514497 -0.031923751245510314 -0.027364658218396773 -0.018072611542401855 -0.013338187632970488 -0.0089479324239958129 0.0 0.0 0.0 
0.0 0.0 -0.0091364211062204548 -0.013791551675427595 -0.023279335819044778 -0.028113490625123118 -0.028113490625123118 -0.018977069518902663 -0.014321938949695519 -0.0048341548060783363 0.0 0.0 0.0023550183894928108 0.0023550183894928108 0.0023550183894928108 0.0023550183894928108 0.0023550183894928108 0.0 0.0 0.0 0.0 0.0 0.0 0.0 0.0 0.0 0.0 0.0 0.0 0.0 0.0 0.0 0.0 0.0 0.0 0.0 0.0 0.0 -0.0045590930271135416 -0.013851139703108455 -0.018585563612539824 -0.018585563612539824 -0.027533496036535637 -0.022974403009422096 -0.013682356333427181 -0.0089479324239958129 -0.0089479324239958129 0.0 0.0 0.0 
0.0 0.0 0.0 -0.0046551305692071419 -0.014142914712824325 -0.018977069518902663 -0.018977069518902663 -0.018977069518902663 -0.014321938949695519 -0.0048341548060783363 0.0 0.0 0.0 0.0 0.0 0.0 0.0 0.0 0.0 0.0 0.0 0.0 0.0 0.0 0.0 0.0 0.0 0.0 0.0 0.0 0.0 0.0 -0.00066952033300445805 -0.00066952033300445805 -0.00066952033300445805 -0.00066952033300445805 -0.00066952033300445805 0.0 -0.0045590930271135416 -0.013851139703108455 -0.018585563612539824 -0.018585563612539824 -0.018585563612539824 -0.014026470585426283 -0.0047344239094313702 0.0 0.0 0.0 0.0 0.0 
0.0 0.0 0.0 0.0 -0.0094877841436171832 -0.014321938949695519 -0.014321938949695519 -0.014321938949695519 -0.014321938949695519 -0.0048341548060783363 0.0 0.0 0.0 0.0 0.0 0.0 0.0 0.0 0.0 0.0 0.0 0.0 0.0 0.0 0.0 0.0 0.0 0.0 -0.00034112969757412077 -0.00034112969757412077 -0.00034112969757412077 -0.00034112969757412077 -0.0010106500305785788 -0.00066952033300445805 -0.00066952033300445805 -0.00066952033300445805 -0.00066952033300445805 0.0 0.0 -0.0092920466759949128 -0.014026470585426283 -0.014026470585426283 -0.014026470585426283 -0.014026470585426283 -0.0047344239094313702 0.0 0.0 0.0 0.0 0.0 
0.0 0.0 0.0 0.0 0.0 -0.0048341548060783363 -0.0048341548060783363 -0.0048341548060783363 -0.0048341548060783363 -0.0048341548060783363 0.0 0.0 0.0 0.0 0.0 0.0 0.0 0.0 0.0 0.0 0.0 0.0 0.0 0.0 0.0 0.0 0.0 0.0 -0.00034112969757412077 -0.0010363980444965397 -0.0010363980444965397 -0.0010363980444965397 -0.0017059183775009978 -0.001364788679926877 -0.00066952033300445805 -0.00066952033300445805 -0.00066952033300445805 0.0 0.0 0.0 -0.0047344239094313702 -0.0047344239094313702 -0.0047344239094313702 -0.0047344239094313702 -0.0047344239094313702 0.0 0.0 0.0 0.0 0.0 
0.0 0.0 0.0 0.0 0.0 0.0 0.0 0.0 0.0 0.0 0.0 0.0 0.0 0.0 0.0 0.0 0.0 0.0 0.0 0.0 0.0 0.0 0.0 0.0 0.0 0.0 0.0 0.0 -0.00034112969757412077 -0.0010363980444965397 -0.0017493795250771325 -0.0017493795250771325 -0.0024188998580815906 -0.0020777701605074698 -0.0013825018135850508 -0.00066952033300445805 -0.00066952033300445805 0.0 0.0 0.0 0.0 0.0 0.0 0.0 0.0 0.0 0.0 0.0 0.0 0.0 
0.0 0.0 0.0 0.0 0.0 0.0 0.0 0.0 0.0 0.0 0.0 0.0 0.0 0.0 0.0 0.0 0.0 0.0 0.0 0.0 0.0 0.0 0.0 0.0 0.0 0.0 0.0 0.0 -0.00034112969757412077 -0.0010363980444965397 -0.0017493795250771325 -0.0020778760972690212 -0.0027473964302734792 -0.0024062667326993584 -0.0017109983857769395 -0.00099801690519634671 -0.00066952033300445805 0.0 0.0 0.0 0.0 0.0 0.0 0.0 0.0 0.0 0.0 0.0 0.0 0.0 
0.0 0.0 0.0 0.0 0.0 0.0 0.0 0.0 0.0 0.0 0.0 0.0 0.0006669225000261196 0.0006669225000261196 0.0006669225000261196 0.0006669225000261196 0.0006669225000261196 0.0 0.0 0.0 0.0 0.0 0.0 0.0 0.0 0.0 0.0 0.0 -0.00034112969757412077 -0.0010363980444965397 -0.0017493795250771325 -0.0020778760972690212 -0.0020778760972690212 -0.0017367463996949004 -0.0010414780527724815 -0.00032849657219188855 0.0 0.0 0.0 0.0 0.0 0.0 0.0 0.0 0.0 0.0 0.0 0.0 0.0 0.0 
0.0 0.0 0.0 0.0 0.0 0.0 0.0 0.0 0.0 0.0 0.0 0.0 0.0006669225000261196 0.0010067285664354154 0.0010067285664354154 0.0010067285664354154 0.0010067285664354154 0.00033980606640929587 0.0 0.0 0.0 0.0 0.0 0.0 0.0 0.0 0.0 0.0 0.0 -0.00069526834692241893 -0.0014082498275030117 -0.0017367463996949004 -0.0017367463996949004 -0.0017367463996949004 -0.0010414780527724815 -0.00032849657219188855 0.0 0.0 0.0 0.0 0.0 0.0 0.0 0.0 0.0 0.0 0.0 0.0 0.0099460221886268387 0.0099460221886268387 
0.0 0.0 0.0 0.0 0.0 0.0 0.0 0.0 0.0 0.00069257060803176469 0.00069257060803176469 0.00069257060803176469 0.0013594931080578843 0.0016992991744671801 -0.022493220317651517 -0.022493220317651517 -0.022493220317651517 -0.023160142817677639 -0.023499948884086935 0.0 0.0 0.0 0.0 0.0 0.0 0.0 0.0 0.0 0.0 0.0 -0.00071298148058059302 -0.0010414780527724815 -0.0010414780527724815 -0.0010414780527724815 -0.0010414780527724815 -0.00032849657219188855 0.0 0.0 0.0 0.0 0.0 0.0 0.0 0.0 0.0 0.0 0.0 0.0 0.0099460221886268387 0.03021735726943655 
0.0 0.0 0.0 0.0 0.0 0.0 0.0 0.0 0.0 0.00069257060803176469 0.0014027856202739205 0.0014027856202739205 0.0020697081203000399 0.0024095141867093361 -0.021783005305409362 -0.070389286622023553 -0.070389286622023553 -0.071056209122049671 -0.07139601518845896 -0.04789606630437203 0.0 0.0 0.0 0.0 0.0 0.0 0.0 0.0 0.0 0.0 -0.018028062561119901 -0.01835655913331179 -0.01835655913331179 -0.01835655913331179 -0.01835655913331179 -0.00032849657219188855 0.0 0.0 0.0 0.0 0.0 0.0 0.0 0.0 0.0 0.020787781528149675 0.020787781528149675 0.020787781528149675 0.030733803716776514 0.051005138797586225 
0.0 0.0 0.0 0.0 0.0 0.0 0.0 0.0 0.0 0.00069257060803176469 0.0014027856202739205 0.0017300075796027737 0.0023969300796288931 0.0027367361460381894 -0.021455783346080511 -0.070062064662694698 -0.092456751249084285 -0.093123673749110403 -0.0934634798155197 -0.06996353093143276 -0.022067464627060735 0.0 0.0 0.0 0.0 0.0 0.0 0.0 0.0 0.0 -0.018028062561119901 -0.026334248508286851 -0.026334248508286851 -0.026334248508286851 -0.026334248508286851 -0.0083061859471669497 0.0 0.0 0.0 0.0 0.0 0.0 0.0 0.0 0.0 0.020787781528149675 0.030365470656779338 0.030365470656779338 0.04031149284540618 0.060582827926215888 
0.0 0.0 0.0 0.0 0.0 0.0 0.0 0.0 0.0 0.00069257060803176469 0.0014027856202739205 0.0017300075796027737 -0.010008031051836435 -0.0096682249854271405 -0.033860744477545834 -0.082467025794160029 -0.10486171238054962 -0.12636210524364661 -0.1267019113100559 -0.10320196242596896 -0.055305896121596934 -0.0332384314945362 0.0 0.0 0.0 0.0 0.0 0.0 0.0 0.0 -0.018028062561119901 -0.026334248508286851 -0.043263376091681113 -0.043263376091681113 -0.043263376091681113 -0.025235313530561212 -0.016929127583394262 0.0 0.0 0.0 0.0 0.0 0.0 0.0 0.0 0.020787781528149675 0.030365470656779338 0.049886093267926479 0.059832115456553321 0.080103450537363036 
0.0 0.0 0.0 0.0 0.0 0.0 0.0 0.0 0.0 0.00069257060803176469 0.0014027856202739205 0.0017300075796027737 -0.010008031051836435 -0.021894652450762216 -0.046087171942880922 -0.094693453259495103 -0.11708813984588469 -0.1385885327089817 -0.13773141194012803 -0.11423146305604108 -0.06633539675166907 -0.04426793212460833 -0.01102950063007212 0.0 0.0 0.0 0.0 0.0 0.0 0.0 -0.018028062561119901 -0.026334248508286851 -0.043263376091681113 -0.051888996387336184 -0.051888996387336184 -0.033860933826216279 -0.025554747879049329 -0.0086256202956550669 0.0 0.0 0.0 0.0 0.0 0.0 0.0 0.020787781528149675 0.030365470656779338 0.049886093267926479 0.060260937806520289 0.080532272887330003 
0.0 0.0 0.0 0.0 0.0 0.0 0.0 0.0 0.0 0.00081178774703645831 0.0015220027592786141 0.0018492247186074674 -0.0098888139128317423 -0.021775435311757525 -0.045793422581829835 -0.094399703898444015 -0.1167943904848336 -0.1382947833479306 -0.13743766257907694 -0.11423146305604108 -0.06633539675166907 -0.04426793212460833 -0.01102950063007212 0.0 0.0 0.0 0.0 0.0 0.0 -0.017580177881867078 -0.03560824044298698 -0.043914426390153929 -0.060843553973548195 -0.069469174269203265 -0.065042931684411331 -0.047014869123291426 -0.038708683176124477 -0.021779555592730211 -0.013153935297075143 0.0 0.0 0.0 0.0 0.0 0.0 0.020787781528149675 0.030365470656779338 0.049886093267926479 0.060260937806520289 0.081406270690819793 
0.0 0.0 0.0 0.0 0.0 0.0094686112656074996 0.0094686112656074996 0.0094686112656074996 0.0094686112656074996 0.010280399012643958 0.0024663206972533706 0.0027935426565822239 -0.0089444959748569853 -0.020831117373782768 -0.044849104643855067 -0.046503637594071986 -0.06889832418046157 -0.09039871704355856 -0.0895415962747049 -0.06633539675166907 -0.06633539675166907 -0.04426793212460833 -0.01102950063007212 0.0 0.0 0.0 0.0 0.0 0.0 -0.017580177881867078 -0.024367123281584781 -0.03267330922875173 -0.049602436812145996 -0.058228057107801059 -0.053801814523009125 -0.053716977705512654 -0.045410791758345705 -0.028481664174951443 -0.019856043879296376 -0.0067021085822212339 0.0 0.0 0.0 0.0 0.0 0.010910211773392776 0.020487900902022439 0.04000852351316958 0.05038336805176339 0.071528700936062894 
0.0 0.0086705374226592156 0.0086705374226592156 0.0086705374226592156 0.0086705374226592156 0.018139148688266715 0.0094686112656074996 0.0094686112656074996 0.0094686112656074996 0.010280399012643958 0.0024663206972533706 0.0032286243720728068 -0.0085094142593664032 -0.020396035658292185 -0.044414022928364487 -0.046068555878581406 -0.04683085955340084 -0.06833125241649783 -0.06747413164764417 -0.04426793212460833 -0.04426793212460833 -0.04426793212460833 -0.01102950063007212 0.0 0.0 0.0 0.0 0.0 0.0 -0.017580177881867078 -0.024367123281584781 -0.030582022428151615 -0.047511150011545884 -0.056136770307200948 -0.051710527722409014 -0.051625690904912543 -0.045410791758345705 -0.028481664174951443 -0.019856043879296376 -0.0067021085822212339 0.0 0.0 0.0 0.0 0.0 0.010910211773392776 0.020900842586798543 0.040421465197945684 0.050796309736539494 0.071941642620838991 
0.0 0.0086705374226592156 0.026342262469322447 0.026342262469322447 0.026342262469322447 0.035810873734929943 0.027140336312270731 0.011022289000538317 0.011022289000538317 0.011834076747574775 0.0040199984321841872 0.0047823021070036234 0.0032286243720728068 -0.0086579970268529753 -0.032675984296925281 -0.034330517247142193 -0.03509282092196163 -0.03509282092196163 -0.034235700153107965 -0.01102950063007212 -0.01102950063007212 -0.01102950063007212 -0.01102950063007212 0.0 0.0 0.0 0.0 0.0 0.0 -0.017580177881867078 -0.024367123281584781 -0.030582022428151615 -0.043248825367477067 -0.051874445663132131 -0.047448203078340204 -0.047363366260843733 -0.041148467114276895 -0.028481664174951443 -0.019856043879296376 -0.0067021085822212339 0.0 0.0 0.0 0.0 0.0 0.010910211773392776 0.020900842586798543 0.041263096063248038 0.051637940601841854 0.072783273486141345 
0.0 0.0086705374226592156 0.026342262469322447 0.035346246252352831 0.035346246252352831 0.044814857517960341 0.036144320095301122 0.020026272783568704 0.011813908895734339 0.012625696642770797 0.004811618327380209 0.0055739220021996452 0.0040202442672688278 0.0032286243720728068 -0.0207893628979995 -0.022443895848216412 -0.023206199523035848 -0.023206199523035848 -0.023206199523035848 0.0 0.0 0.0 0.0 0.0 0.0 0.0 0.0 0.0 0.0 -0.017580177881867078 -0.024367123281584781 -0.030582022428151615 -0.043248825367477067 -0.053192285467155591 -0.048766042882363657 -0.048681206064867186 -0.042466306918300348 -0.029799503978974899 -0.019856043879296376 -0.0067021085822212339 0.0 0.0 0.0 0.0 0.0 0.010910211773392776 0.020900842586798543 0.041263096063248038 0.041263096063248038 0.062408428947547549 
0.0 0.0086705374226592156 0.026342262469322447 0.035346246252352831 0.053697579968126991 0.063166191233734501 0.054495653811075281 0.03837760649934286 0.030165242611508498 0.012615549295932841 0.0048014709805422537 0.0055637746553616899 0.0040100969204308725 0.0032184770252348515 0.0024168366250363485 0.00076230367481943599 0.0 0.0 0.0 0.0 0.0 0.0 0.0 0.0 0.0 0.0 0.0 0.0 0.0 0.0 -0.0067869453997177051 -0.01300184454628454 -0.025668647485609989 -0.035612107585288516 -0.042724285486084042 -0.042639448668587571 -0.036424549522020733 -0.023757746582695281 -0.013814286483016757 -0.0067021085822212339 0.0 0.0 0.0 0.0 0.0 0.010910211773392776 0.020900842586798543 0.041263096063248038 0.041263096063248038 0.041263096063248038 
0.0 0.0086705374226592156 0.026342262469322447 0.035346246252352831 0.053697579968126991 0.063047833592914396 0.054377296170255177 0.038259248858522762 0.030046884970688401 0.012497191655112747 0.0031469380303253405 0.0039092417051447767 0.0023555639702139601 0.0015639440750179387 0.00076230367481943599 0.00076230367481943599 0.0 0.0 0.0 0.0 0.0 0.0 0.0 0.0 0.0 0.0 0.0 0.0 0.0 0.0 0.0 -0.0062148991465668353 -0.018881702085892287 -0.028825162185570807 -0.035937340086366336 -0.043230712713363824 -0.037015813566796986 -0.024349010627471537 -0.014405550527793014 -0.0072933726269974923 0.0 0.0 0.0 0.0 0.0 0.0 0.009990630813405765 0.030352884289855268 0.030352884289855268 0.030352884289855268 
0.0 0.0 0.017671725046663232 0.026675708829693615 0.045027042545467771 0.054377296170255177 0.054377296170255177 0.038259248858522762 0.030046884970688401 0.012497191655112747 0.0031469380303253405 0.0031469380303253405 0.0015932602953945239 0.00080164040019850265 0.0 0.0 0.0 0.0 0.0 0.0 0.0 0.0 0.0 0.0 0.0 0.0 0.0 0.0 0.0 0.0 0.0 0.0 -0.012666802939325452 -0.022610263039003972 -0.029722440939799498 -0.037015813566796986 -0.040376136342271947 -0.027709333402946498 -0.017765873303267975 -0.010653695402472452 -0.0033603227754749609 0.0 0.0 0.0 0.0 0.0 0.0 0.020362253476449502 0.020362253476449502 0.020362253476449502 
0.0 0.0 0.0 0.0090039837830303854 0.027355317498804543 0.036705571123591949 0.036705571123591949 0.036705571123591949 0.028493207235757583 0.010943513920181929 0.0015932602953945239 0.0015932602953945239 0.0015932602953945239 0.00080164040019850265 0.0 0.0 0.0 0.0 0.0 0.0 0.0 0.0 0.0 0.0 0.0 0.0 0.0 -0.0050417354778275834 -0.0050417354778275834 -0.0050417354778275834 -0.0050417354778275834 -0.0050417354778275834 -0.010032630334043065 -0.019976090433721588 -0.027088268334517114 -0.034381640961514602 -0.037741963736989563 -0.034558124574880722 -0.024614664475202202 -0.01750248657440668 -0.010209113947409188 -0.0068487911719342272 0.0 0.0 0.0 0.0 0.0 0.0 0.0 0.0 
0.0 0.0 0.0 0.0 0.01835133371577416 0.027701587340561561 0.027701587340561561 0.027701587340561561 0.027701587340561561 0.010151894024985907 0.00080164040019850265 0.00080164040019850265 0.00080164040019850265 0.00080164040019850265 0.0 0.0 0.0 0.0 0.0 0.0 0.0 0.0 0.0 0.0 0.0 0.0 0.0 -0.0050417354778275834 -0.010147290392083364 -0.010147290392083364 -0.010147290392083364 -0.010147290392083364 -0.015138185248298847 -0.015150520510942638 -0.022262698411738162 -0.02955607103873565 -0.032916393814210611 -0.029732554652101773 -0.024614664475202202 -0.01750248657440668 -0.010209113947409188 -0.0068487911719342272 0.0 0.0 0.0 0.0 0.0 0.0 0.0 0.0 
0.0 0.0 0.0 0.0 0.0 0.0093502536247874052 0.0093502536247874052 0.0093502536247874052 0.0093502536247874052 0.0093502536247874052 0.0 0.0 0.0 0.0 0.0 0.0 0.0 0.0 0.0 0.0 0.0 0.0 0.0 0.0 0.0 0.0 0.0 -0.0050417354778275834 -0.010147290392083364 -0.030984050776556381 -0.030984050776556381 -0.030984050776556381 -0.035974945632771864 -0.035987280895415655 -0.015150520510942638 -0.022443893137940131 -0.025804215913415092 -0.022620376751306251 -0.01750248657440668 -0.01750248657440668 -0.010209113947409188 -0.0068487911719342272 0.0 0.0 0.0 0.0 0.0 0.0 0.0 0.0 
0.0 0.0 0.0 0.0 0.0 0.0 0.0 0.0 0.0 0.0 0.0 0.0 0.0 0.0 0.0 0.0 0.0 0.0 0.0 0.0 0.0 0.0 0.0 0.0 0.0 0.0 0.0 -0.0050417354778275834 -0.010147290392083364 -0.030984050776556381 -0.052351662771529507 -0.052351662771529507 -0.05734255762774499 -0.057354892890388781 -0.036518132505915762 -0.015150520510942638 -0.018510843286417597 -0.015327004124308758 -0.010209113947409188 -0.010209113947409188 -0.010209113947409188 -0.0068487911719342272 0.0 0.0 0.0 0.037500000000000006 0.037500000000000006 0.037500000000000006 0.037500000000000006 0.037500000000000006 
0.0 0.0 0.0 0.0 0.0 0.0 0.0 0.0 0.0 0.0 0.0 0.0 0.0 0.0 0.0 0.0 0.0 0.0 0.0 0.0 0.0 0.0 0.0 0.0 0.0 0.0 0.0 -0.0050417354778275834 -0.010147290392083364 -0.030984050776556381 -0.052351662771529507 -0.062196500943986821 -0.067187395800202304 -0.067199731062846088 -0.046362970678373076 -0.02499535868339995 -0.015150520510942638 -0.011966681348833797 -0.0068487911719342272 -0.0068487911719342272 -0.0068487911719342272 -0.0068487911719342272 0.0 0.0 0.0 0.037500000000000006 0.07183926520256818 0.07183926520256818 0.07183926520256818 0.07183926520256818 
0.0 0.0 0.0 0.0 0.0 0.0 0.0 0.0 0.0 0.0 0.0 0.0 0.0 0.0 0.0 0.0 0.0 0.0 0.0 0.0 0.0 0.0 0.0 0.0 0.0 0.0 0.0 0.0 -0.0051055549142557805 -0.025942315298728796 -0.047309927293701926 -0.057154765466159239 -0.062145508058976465 -0.062157843321620256 -0.041321082937147237 -0.019953470942174107 -0.010108632769716795 -0.0051178901768995713 0.0 0.0 0.0 0.0 0.0 0.0 0.0 0.037500000000000006 0.07183926520256818 0.1418273205425245 0.1418273205425245 0.1418273205425245 
0.0 0.0 0.0 0.0 0.0 0.0 0.0 0.0 0.0 0.0 0.0 0.0 0.0 0.0 0.0 0.0 0.0 0.0 0.0 0.0 0.0 0.0 0.0 0.0 0.0 0.0 0.0 0.0 0.0 -0.020836760384473015 -0.042204372379446145 -0.052049210551903459 -0.057039953144720684 -0.057039953144720684 -0.036203192760247666 -0.014835580765274536 -0.0049907425928172235 0.0 0.0 0.0 0.0 0.0 0.0 0.0 0.0 0.037500000000000006 0.07183926520256818 0.1418273205425245 0.17748718473930186 0.17748718473930186 
0.0 0.0 0.0 0.0 0.0 0.0 0.0 0.0 0.0 0.0 0.0 0.0 0.0 0.0 0.0 0.0 0.0 0.0 0.0 0.0 0.0 0.0 0.0 0.0 0.0 0.0 0.0 0.0 0.0 0.0 -0.021367611994973126 -0.03121245016743044 -0.036203192760247666 -0.036203192760247666 -0.036203192760247666 -0.014835580765274536 -0.0049907425928172235 0.0 0.0 0.0 0.0 0.0 0.0 0.0 0.0 0.037500000000000006 0.07183926520256818 0.1418273205425245 0.17748718473930186 0.25016679899711436 
